Sensor Model:   custom
Serial Number:  na
Interpolation Method:   Cubic Spline
SetPoint Limit: nan.      (Kelvin)
Data Format:    2      (Volts/Kelvin)
Number of Breakpoints:   192

No.   Units      Temperature (K)

  1   nan      nan
  2   0.090580      500.000
  3   0.135450      480.000
  4   0.182750      460.000
  5   0.278520      420.000
  6   0.384850      375.000
  7   0.501920      325.000
  8   0.582720      290.000
  9   0.761998      213.417
 10   0.765741      211.668
 11   0.771953      208.759
 12   0.778366      205.747
 13   0.785034      202.611
 14   0.791962      199.356
 15   0.799119      195.966
 16   0.806515      192.453
 17   0.814147      188.828
 18   0.821964      185.116
 19   0.829949      181.287
 20   0.838106      177.367
 21   0.846419      173.370
 22   0.854903      169.259
 23   0.863534      165.046
 24   0.872333      160.749
 25   0.881249      156.354
 26   0.890274      151.880
 27   0.899364      147.336
 28   0.908605      142.698
 29   0.917818      138.045
 30   0.927072      133.304
 31   0.936350      128.529
 32   0.945613      123.686
 33   0.954871      118.810
 34   0.964076      113.881
 35   0.973188      108.962
 36   0.982209      104.012
 37   0.991095      99.091
 38   0.999816      94.194
 39   1.008290      89.389
 40   1.016376      84.775
 41   1.023915      80.457
 42   1.030635      76.616
 43   1.036395      73.355
 44   1.044549      68.701
 45   1.052642      64.031
 46   1.060215      59.610
 47   1.067840      55.043
 48   1.075944      49.963
 49   1.085255      43.822
 50   1.091130      39.841
 51   1.092153      39.138
 52   1.093544      38.210
 53   1.095016      37.229
 54   1.096583      36.174
 55   1.098274      35.051
 56   1.100078      33.844
 57   1.102168      32.507
 58   1.104550      31.020
 59   1.107358      29.388
 60   1.111405      27.390
 61   1.114300      26.212
 62   1.114700      26.083
 63   1.115100      25.950
 64   1.115500      25.812
 65   1.115900      25.680
 66   1.116400      25.552
 67   1.116900      25.415
 68   1.117500      25.271
 69   1.118000      25.132
 70   1.118700      24.998
 71   1.119300      24.846
 72   1.119900      24.687
 73   1.120700      24.551
 74   1.121500      24.391
 75   1.122500      24.235
 76   1.123500      24.079
 77   1.124700      23.920
 78   1.125900      23.751
 79   1.127300      23.586
 80   1.129100      23.403
 81   1.130900      23.212
 82   1.133300      23.028
 83   1.135800      22.812
 84   1.139200      22.608
 85   1.142700      22.396
 86   1.147500      22.183
 87   1.152300      21.966
 88   1.158200      21.715
 89   1.163400      21.474
 90   1.168600      21.224
 91   1.174500      20.945
 92   1.179400      20.663
 93   1.185200      20.375
 94   1.190100      20.068
 95   1.195900      19.732
 96   1.201000      19.382
 97   1.206300      19.001
 98   1.212700      18.608
 99   1.218500      18.187
100   1.225700      17.736
101   1.232400      17.246
102   1.241000      16.729
103   1.249200      16.167
104   1.258400      15.566
105   1.270700      14.908
106   1.283200      14.203
107   1.300900      13.418
108   1.319600      12.527
109   1.346900      11.492
110   1.379100      10.150
111   1.395726      9.417
112   1.392848      9.371
113   1.397345      9.242
114   1.402545      9.114
115   1.407791      8.987
116   1.413428      8.856
117   1.419115      8.727
118   1.424497      8.602
119   1.429263      8.498
120   1.433471      8.412
121   1.437506      8.330
122   1.441668      8.247
123   1.445784      8.165
124   1.449897      8.081
125   1.455107      7.980
126   1.460115      7.882
127   1.464566      7.798
128   1.468909      7.718
129   1.473319      7.639
130   1.477852      7.561
131   1.482159      7.488
132   1.486308      7.414
133   1.490655      7.338
134   1.494880      7.266
135   1.499026      7.195
136   1.503276      7.122
137   1.507505      7.049
138   1.511699      6.976
139   1.516011      6.901
140   1.520237      6.826
141   1.524553      6.753
142   1.528793      6.680
143   1.533172      6.605
144   1.537459      6.531
145   1.541915      6.455
146   1.546209      6.381
147   1.550582      6.305
148   1.554996      6.227
149   1.559321      6.151
150   1.609200      5.568
151   1.593698      5.526
152   1.597924      5.448
153   1.602052      5.366
154   1.606313      5.283
155   1.627300      5.228
156   1.610510      5.200
157   1.614666      5.115
158   1.618825      5.032
159   1.623035      4.946
160   1.644100      4.867
161   1.627060      4.862
162   1.631026      4.780
163   1.634998      4.699
164   1.638890      4.617
165   1.642808      4.532
166   1.646588      4.444
167   1.650314      4.357
168   1.654078      4.268
169   1.657667      4.183
170   1.661146      4.098
171   1.664610      4.011
172   1.667899      3.921
173   1.671136      3.832
174   1.683900      3.766
175   1.674381      3.743
176   1.677422      3.656
177   1.680288      3.575
178   1.683056      3.490
179   1.685656      3.405
180   1.688273      3.322
181   1.690755      3.240
182   1.693076      3.160
183   1.695253      3.083
184   1.697198      3.010
185   1.699115      2.938
186   1.700987      2.862
187   1.702457      2.804
188   1.703981      2.742
189   1.705338      2.685
190   1.706395      2.636
191   1.707545      2.586
192   1.709880      2.473
