Sensor Model:   custom
Serial Number:  na
Interpolation Method:   Cubic Spline
SetPoint Limit: 500.      (Kelvin)
Data Format:    2      (Volts/Kelvin)
Number of Breakpoints:   192

No.   Units      Temperature (K)

  1   0.090580      500.000
  2   0.135450      480.000
  3   0.182750      460.000
  4   0.278520      420.000
  5   0.384850      375.000
  6   0.501920      325.000
  7   0.582720      290.000
  8   0.763230      213.417
  9   0.766994      211.668
 10   0.773244      208.759
 11   0.779711      205.747
 12   0.786435      202.611
 13   0.793409      199.356
 14   0.800613      195.966
 15   0.808048      192.453
 16   0.815721      188.828
 17   0.823574      185.116
 18   0.831597      181.287
 19   0.839783      177.367
 20   0.848125      173.370
 21   0.856638      169.259
 22   0.865301      165.046
 23   0.874121      160.749
 24   0.883052      156.354
 25   0.892093      151.880
 26   0.901209      147.336
 27   0.910434      142.698
 28   0.919634      138.045
 29   0.928868      133.304
 30   0.938113      128.529
 31   0.947339      123.686
 32   0.956545      118.810
 33   0.965690      113.881
 34   0.974726      108.962
 35   0.983660      104.012
 36   0.992442      99.091
 37   1.001045      94.194
 38   1.009381      89.389
 39   1.017309      84.775
 40   1.024667      80.457
 41   1.031172      76.616
 42   1.036705      73.355
 43   1.044551      68.701
 44   1.052398      64.031
 45   1.059770      59.610
 46   1.067262      55.043
 47   1.075312      49.963
 48   1.084617      43.822
 49   1.090520      39.841
 50   1.091547      39.138
 51   1.092933      38.210
 52   1.094395      37.229
 53   1.095950      36.174
 54   1.097637      35.051
 55   1.099461      33.844
 56   1.101526      32.507
 57   1.103883      31.020
 58   1.106632      29.388
 59   1.110474      27.390
 60   1.113200      26.212
 61   1.113600      26.083
 62   1.113900      25.950
 63   1.114300      25.812
 64   1.114700      25.680
 65   1.115200      25.552
 66   1.115600      25.415
 67   1.116100      25.271
 68   1.116600      25.132
 69   1.117100      24.998
 70   1.117700      24.846
 71   1.118300      24.687
 72   1.119100      24.551
 73   1.119800      24.391
 74   1.120600      24.235
 75   1.121500      24.079
 76   1.122600      23.920
 77   1.123600      23.751
 78   1.124800      23.586
 79   1.126300      23.403
 80   1.127900      23.212
 81   1.129900      23.028
 82   1.132000      22.812
 83   1.134800      22.608
 84   1.137600      22.396
 85   1.141600      22.183
 86   1.145700      21.966
 87   1.150500      21.715
 88   1.156600      21.474
 89   1.162100      21.224
 90   1.168400      20.945
 91   1.173800      20.663
 92   1.179000      20.375
 93   1.185100      20.068
 94   1.190300      19.732
 95   1.196500      19.382
 96   1.201800      19.001
 97   1.208400      18.608
 98   1.214200      18.187
 99   1.221500      17.736
100   1.228100      17.246
101   1.235400      16.729
102   1.244700      16.167
103   1.253600      15.566
104   1.265600      14.908
105   1.277600      14.203
106   1.292000      13.418
107   1.313000      12.527
108   1.336500      11.492
109   1.379200      10.150
110   1.410064      9.417
111   1.410462      9.371
112   1.416134      9.242
113   1.422419      9.114
114   1.428531      8.987
115   1.435031      8.856
116   1.441829      8.727
117   1.447972      8.602
118   1.453506      8.498
119   1.458131      8.412
120   1.462710      8.330
121   1.467397      8.247
122   1.471921      8.165
123   1.476507      8.081
124   1.482325      7.980
125   1.487769      7.882
126   1.492561      7.798
127   1.497336      7.718
128   1.502145      7.639
129   1.506882      7.561
130   1.511386      7.488
131   1.515832      7.414
132   1.520618      7.338
133   1.524970      7.266
134   1.529386      7.195
135   1.533959      7.122
136   1.538300      7.049
137   1.542966      6.976
138   1.547446      6.901
139   1.551925      6.826
140   1.556468      6.753
141   1.561160      6.680
142   1.565944      6.605
143   1.570557      6.531
144   1.575354      6.455
145   1.580216      6.381
146   1.584918      6.305
147   1.589790      6.227
148   1.594524      6.151
149   1.633000      5.568
150   1.633296      5.526
151   1.638152      5.448
152   1.642878      5.366
153   1.647839      5.283
154   1.652000      5.228
155   1.652722      5.200
156   1.657656      5.115
157   1.662474      5.032
158   1.667413      4.946
159   1.675100      4.867
160   1.672220      4.862
161   1.676867      4.780
162   1.681554      4.699
163   1.686198      4.617
164   1.690860      4.532
165   1.695500      4.444
166   1.699962      4.357
167   1.704478      4.268
168   1.708895      4.183
169   1.713196      4.098
170   1.717339      4.011
171   1.721445      3.921
172   1.725487      3.832
173   1.729000      3.766
174   1.729624      3.743
175   1.733486      3.656
176   1.737150      3.575
177   1.740629      3.490
178   1.744062      3.405
179   1.747499      3.322
180   1.750821      3.240
181   1.753836      3.160
182   1.756629      3.083
183   1.759205      3.010
184   1.761746      2.938
185   1.764331      2.862
186   1.766281      2.804
187   1.768330      2.742
188   1.770144      2.685
189   1.771722      2.636
190   1.773199      2.586
191   1.776473      2.473
