Sensor Model:   custom
Serial Number:  na
Interpolation Method:   Cubic Spline
SetPoint Limit: 500.      (Kelvin)
Data Format:    2      (Volts/Kelvin)
Number of Breakpoints:   192

No.   Units      Temperature (K)

  1   0.090580      500.000
  2   0.135450      480.000
  3   0.182750      460.000
  4   0.278520      420.000
  5   0.384850      375.000
  6   0.501920      325.000
  7   0.582720      290.000
  8   0.762014      213.417
  9   0.765768      211.668
 10   0.771989      208.759
 11   0.778417      205.747
 12   0.785117      202.611
 13   0.792077      199.356
 14   0.799272      195.966
 15   0.806704      192.453
 16   0.814376      188.828
 17   0.822220      185.116
 18   0.830240      181.287
 19   0.838426      177.367
 20   0.846771      173.370
 21   0.855289      169.259
 22   0.863957      165.046
 23   0.872791      160.749
 24   0.881738      156.354
 25   0.890793      151.880
 26   0.899961      147.336
 27   0.909184      142.698
 28   0.918420      138.045
 29   0.927700      133.304
 30   0.936996      128.529
 31   0.946253      123.686
 32   0.955515      118.810
 33   0.964720      113.881
 34   0.973822      108.962
 35   0.982824      104.012
 36   0.991677      99.091
 37   1.000358      94.194
 38   1.008769      89.389
 39   1.016772      84.775
 40   1.024209      80.457
 41   1.030792      76.616
 42   1.036342      73.355
 43   1.044249      68.701
 44   1.052167      64.031
 45   1.059591      59.610
 46   1.067119      55.043
 47   1.075160      49.963
 48   1.084401      43.822
 49   1.090250      39.841
 50   1.091274      39.138
 51   1.092644      38.210
 52   1.094111      37.229
 53   1.095656      36.174
 54   1.097337      35.051
 55   1.099139      33.844
 56   1.101184      32.507
 57   1.103506      31.020
 58   1.106211      29.388
 59   1.110016      27.390
 60   1.112700      26.212
 61   1.113100      26.083
 62   1.113400      25.950
 63   1.113800      25.812
 64   1.114200      25.680
 65   1.114600      25.552
 66   1.115000      25.415
 67   1.115500      25.271
 68   1.116000      25.132
 69   1.116500      24.998
 70   1.117100      24.846
 71   1.117600      24.687
 72   1.118400      24.551
 73   1.119000      24.391
 74   1.119900      24.235
 75   1.120700      24.079
 76   1.121600      23.920
 77   1.122700      23.751
 78   1.123800      23.586
 79   1.125300      23.403
 80   1.126800      23.212
 81   1.128700      23.028
 82   1.130600      22.812
 83   1.133300      22.608
 84   1.136000      22.396
 85   1.139900      22.183
 86   1.143800      21.966
 87   1.148300      21.715
 88   1.154300      21.474
 89   1.159600      21.224
 90   1.165700      20.945
 91   1.170800      20.663
 92   1.175900      20.375
 93   1.181700      20.068
 94   1.186600      19.732
 95   1.192500      19.382
 96   1.197600      19.001
 97   1.203800      18.608
 98   1.209400      18.187
 99   1.216300      17.736
100   1.222700      17.246
101   1.229600      16.729
102   1.238600      16.167
103   1.247100      15.566
104   1.258500      14.908
105   1.270000      14.203
106   1.283700      13.418
107   1.303700      12.527
108   1.325600      11.492
109   1.365100      10.150
110   1.391120      9.417
111   1.389915      9.371
112   1.395155      9.242
113   1.400825      9.114
114   1.406634      8.987
115   1.412900      8.856
116   1.418841      8.727
117   1.424740      8.602
118   1.429760      8.498
119   1.434274      8.412
120   1.438434      8.330
121   1.442740      8.247
122   1.447178      8.165
123   1.451360      8.081
124   1.456774      7.980
125   1.461915      7.882
126   1.466447      7.798
127   1.470819      7.718
128   1.475222      7.639
129   1.479848      7.561
130   1.484209      7.488
131   1.488348      7.414
132   1.492621      7.338
133   1.496868      7.266
134   1.501043      7.195
135   1.505197      7.122
136   1.509547      7.049
137   1.513706      6.976
138   1.518082      6.901
139   1.522424      6.826
140   1.526836      6.753
141   1.531118      6.680
142   1.535555      6.605
143   1.539929      6.531
144   1.544607      6.455
145   1.548845      6.381
146   1.553409      6.305
147   1.558047      6.227
148   1.562482      6.151
149   1.604700      5.568
150   1.599126      5.526
151   1.603653      5.448
152   1.608253      5.366
153   1.612828      5.283
154   1.622600      5.228
155   1.617562      5.200
156   1.622118      5.115
157   1.626781      5.032
158   1.631562      4.946
159   1.643300      4.867
160   1.636047      4.862
161   1.640581      4.780
162   1.645074      4.699
163   1.649494      4.617
164   1.653925      4.532
165   1.658239      4.444
166   1.662521      4.357
167   1.666869      4.268
168   1.671052      4.183
169   1.675135      4.098
170   1.679199      4.011
171   1.683100      3.921
172   1.686981      3.832
173   1.694900      3.766
174   1.690770      3.743
175   1.694496      3.656
176   1.697886      3.575
177   1.701222      3.490
178   1.704487      3.405
179   1.707646      3.322
180   1.710735      3.240
181   1.713661      3.160
182   1.716369      3.083
183   1.718778      3.010
184   1.721129      2.938
185   1.723603      2.862
186   1.725458      2.804
187   1.727404      2.742
188   1.729201      2.685
189   1.730620      2.636
190   1.732129      2.586
191   1.735135      2.473
