Sensor Model:   custom
Serial Number:  na
Interpolation Method:   Cubic Spline
SetPoint Limit: 500.      (Kelvin)
Data Format:    2      (Volts/Kelvin)
Number of Breakpoints:   192

No.   Units      Temperature (K)

  1   0.090580      500.000
  2   0.135450      480.000
  3   0.182750      460.000
  4   0.278520      420.000
  5   0.384850      375.000
  6   0.501920      325.000
  7   0.582720      290.000
  8   0.762660      213.417
  9   0.766426      211.668
 10   0.772695      208.759
 11   0.779170      205.747
 12   0.785896      202.611
 13   0.792879      199.356
 14   0.800088      195.966
 15   0.807533      192.453
 16   0.815217      188.828
 17   0.823081      185.116
 18   0.831117      181.287
 19   0.839321      177.367
 20   0.847681      173.370
 21   0.856211      169.259
 22   0.864892      165.046
 23   0.873738      160.749
 24   0.882690      156.354
 25   0.891751      151.880
 26   0.900887      147.336
 27   0.910142      142.698
 28   0.919372      138.045
 29   0.928649      133.304
 30   0.937909      128.529
 31   0.947180      123.686
 32   0.956427      118.810
 33   0.965615      113.881
 34   0.974694      108.962
 35   0.983678      104.012
 36   0.992510      99.091
 37   1.001166      94.194
 38   1.009554      89.389
 39   1.017532      84.775
 40   1.024940      80.457
 41   1.031502      76.616
 42   1.037190      73.355
 43   1.045199      68.701
 44   1.053079      64.031
 45   1.060476      59.610
 46   1.067982      55.043
 47   1.076010      49.963
 48   1.085252      43.822
 49   1.091100      39.841
 50   1.092116      39.138
 51   1.093472      38.210
 52   1.094921      37.229
 53   1.096456      36.174
 54   1.098126      35.051
 55   1.099933      33.844
 56   1.101974      32.507
 57   1.104311      31.020
 58   1.107068      29.388
 59   1.111016      27.390
 60   1.113800      26.212
 61   1.114300      26.083
 62   1.114600      25.950
 63   1.115000      25.812
 64   1.115400      25.680
 65   1.115900      25.552
 66   1.116300      25.415
 67   1.116900      25.271
 68   1.117400      25.132
 69   1.118000      24.998
 70   1.118600      24.846
 71   1.119200      24.687
 72   1.120000      24.551
 73   1.120700      24.391
 74   1.121700      24.235
 75   1.122600      24.079
 76   1.123800      23.920
 77   1.124900      23.751
 78   1.126100      23.586
 79   1.127800      23.403
 80   1.129500      23.212
 81   1.131700      23.028
 82   1.133900      22.812
 83   1.137100      22.608
 84   1.140200      22.396
 85   1.144600      22.183
 86   1.149000      21.966
 87   1.154800      21.715
 88   1.160100      21.474
 89   1.165400      21.224
 90   1.171400      20.945
 91   1.176400      20.663
 92   1.182300      20.375
 93   1.187300      20.068
 94   1.192300      19.732
 95   1.198300      19.382
 96   1.203600      19.001
 97   1.210000      18.608
 98   1.215700      18.187
 99   1.222900      17.736
100   1.229500      17.246
101   1.237900      16.729
102   1.245900      16.167
103   1.254800      15.566
104   1.266700      14.908
105   1.278700      14.203
106   1.295800      13.418
107   1.314100      12.527
108   1.337100      11.492
109   1.377400      10.150
110   1.403438      9.417
111   1.403173      9.371
112   1.408650      9.242
113   1.414612      9.114
114   1.420605      8.987
115   1.427015      8.856
116   1.433291      8.727
117   1.439376      8.602
118   1.444608      8.498
119   1.449273      8.412
120   1.453657      8.330
121   1.458142      8.247
122   1.462624      8.165
123   1.466997      8.081
124   1.472650      7.980
125   1.477971      7.882
126   1.482636      7.798
127   1.487107      7.718
128   1.491717      7.639
129   1.496471      7.561
130   1.500902      7.488
131   1.505316      7.414
132   1.509686      7.338
133   1.514016      7.266
134   1.518363      7.195
135   1.522700      7.122
136   1.527074      7.049
137   1.531353      6.976
138   1.535856      6.901
139   1.540369      6.826
140   1.544793      6.753
141   1.549189      6.680
142   1.553611      6.605
143   1.558208      6.531
144   1.562903      6.455
145   1.567310      6.381
146   1.571939      6.305
147   1.576686      6.227
148   1.581240      6.151
149   1.618700      5.568
150   1.618526      5.526
151   1.623156      5.448
152   1.627763      5.366
153   1.632471      5.283
154   1.641400      5.228
155   1.637230      5.200
156   1.641943      5.115
157   1.646618      5.032
158   1.651416      4.946
159   1.661300      4.867
160   1.656015      4.862
161   1.660549      4.780
162   1.665075      4.699
163   1.669580      4.617
164   1.674035      4.532
165   1.678408      4.444
166   1.682718      4.357
167   1.687095      4.268
168   1.691274      4.183
169   1.695423      4.098
170   1.699469      4.011
171   1.703412      3.921
172   1.707307      3.832
173   1.710000      3.766
174   1.711131      3.743
175   1.714851      3.656
176   1.718241      3.575
177   1.721611      3.490
178   1.724888      3.405
179   1.728076      3.322
180   1.731143      3.240
181   1.734073      3.160
182   1.736736      3.083
183   1.739169      3.010
184   1.741514      2.938
185   1.743960      2.862
186   1.745811      2.804
187   1.747731      2.742
188   1.749490      2.685
189   1.750905      2.636
190   1.752370      2.586
191   1.755382      2.473
