Sensor Model:   custom
Serial Number:  na
Interpolation Method:   Cubic Spline
SetPoint Limit: nan.      (Kelvin)
Data Format:    2      (Volts/Kelvin)
Number of Breakpoints:   192

No.   Units      Temperature (K)

  1   nan      nan
  2   0.090580      500.000
  3   0.135450      480.000
  4   0.182750      460.000
  5   0.278520      420.000
  6   0.384850      375.000
  7   0.501920      325.000
  8   0.582720      290.000
  9   0.762465      213.417
 10   0.766211      211.668
 11   0.772424      208.759
 12   0.778837      205.747
 13   0.785523      202.611
 14   0.792470      199.356
 15   0.799654      195.966
 16   0.807071      192.453
 17   0.814730      188.828
 18   0.822567      185.116
 19   0.830573      181.287
 20   0.838752      177.367
 21   0.847085      173.370
 22   0.855592      169.259
 23   0.864251      165.046
 24   0.873073      160.749
 25   0.882011      156.354
 26   0.891057      151.880
 27   0.900211      147.336
 28   0.909435      142.698
 29   0.918660      138.045
 30   0.927933      133.304
 31   0.937200      128.529
 32   0.946479      123.686
 33   0.955735      118.810
 34   0.964937      113.881
 35   0.974039      108.962
 36   0.983048      104.012
 37   0.991912      99.091
 38   1.000604      94.194
 39   1.009031      89.389
 40   1.017057      84.775
 41   1.024516      80.457
 42   1.031125      76.616
 43   1.036712      73.355
 44   1.044689      68.701
 45   1.052645      64.031
 46   1.060087      59.610
 47   1.067611      55.043
 48   1.075657      49.963
 49   1.084917      43.822
 50   1.090770      39.841
 51   1.091789      39.138
 52   1.093150      38.210
 53   1.094611      37.229
 54   1.096144      36.174
 55   1.097821      35.051
 56   1.099611      33.844
 57   1.101626      32.507
 58   1.103928      31.020
 59   1.106616      29.388
 60   1.110300      27.390
 61   1.112900      26.212
 62   1.113300      26.083
 63   1.113600      25.950
 64   1.114000      25.812
 65   1.114300      25.680
 66   1.114800      25.552
 67   1.115200      25.415
 68   1.115700      25.271
 69   1.116100      25.132
 70   1.116600      24.998
 71   1.117200      24.846
 72   1.117700      24.687
 73   1.118400      24.551
 74   1.119100      24.391
 75   1.119900      24.235
 76   1.120700      24.079
 77   1.121500      23.920
 78   1.122600      23.751
 79   1.123700      23.586
 80   1.125100      23.403
 81   1.126500      23.212
 82   1.128400      23.028
 83   1.130200      22.812
 84   1.132800      22.608
 85   1.135400      22.396
 86   1.139000      22.183
 87   1.142700      21.966
 88   1.147000      21.715
 89   1.152800      21.474
 90   1.158100      21.224
 91   1.164400      20.945
 92   1.169700      20.663
 93   1.174800      20.375
 94   1.180700      20.068
 95   1.185700      19.732
 96   1.191700      19.382
 97   1.196900      19.001
 98   1.203100      18.608
 99   1.208800      18.187
100   1.215800      17.736
101   1.222200      17.246
102   1.229200      16.729
103   1.238300      16.167
104   1.247000      15.566
105   1.258800      14.908
106   1.270600      14.203
107   1.284900      13.418
108   1.306000      12.527
109   1.329500      11.492
110   1.372900      10.150
111   1.400277      9.417
112   1.400976      9.371
113   1.406560      9.242
114   1.412494      9.114
115   1.418384      8.987
116   1.424874      8.856
117   1.431174      8.727
118   1.436943      8.602
119   1.442157      8.498
120   1.446551      8.412
121   1.450736      8.330
122   1.455123      8.247
123   1.459588      8.165
124   1.463923      8.081
125   1.469240      7.980
126   1.474436      7.882
127   1.478879      7.798
128   1.483444      7.718
129   1.487723      7.639
130   1.492100      7.561
131   1.496571      7.488
132   1.500327      7.414
133   1.504793      7.338
134   1.509058      7.266
135   1.512812      7.195
136   1.516879      7.122
137   1.521282      7.049
138   1.525348      6.976
139   1.529584      6.901
140   1.533551      6.826
141   1.537978      6.753
142   1.542250      6.680
143   1.547197      6.605
144   1.551013      6.531
145   1.555726      6.455
146   1.559969      6.381
147   1.564326      6.305
148   1.568922      6.227
149   1.573180      6.151
150   1.610500      5.568
151   1.609623      5.526
152   1.614138      5.448
153   1.618657      5.366
154   1.623300      5.283
155   1.628900      5.228
156   1.628083      5.200
157   1.632417      5.115
158   1.637109      5.032
159   1.641872      4.946
160   1.650600      4.867
161   1.646407      4.862
162   1.650818      4.780
163   1.655313      4.699
164   1.659638      4.617
165   1.664050      4.532
166   1.668423      4.444
167   1.672699      4.357
168   1.677042      4.268
169   1.681212      4.183
170   1.685212      4.098
171   1.689282      4.011
172   1.693162      3.921
173   1.697036      3.832
174   1.703800      3.766
175   1.700756      3.743
176   1.704571      3.656
177   1.708043      3.575
178   1.711283      3.490
179   1.714584      3.405
180   1.717730      3.322
181   1.720952      3.240
182   1.723799      3.160
183   1.726512      3.083
184   1.728883      3.010
185   1.731294      2.938
186   1.733707      2.862
187   1.735588      2.804
188   1.737507      2.742
189   1.739306      2.685
190   1.740783      2.636
191   1.742236      2.586
192   1.745257      2.473
